Date,Open,High,Low,Close,Adj Close,Volume
2023-03-23,90.629997,92.949997,90.529999,91.589996,91.399101,8647000
2023-03-24,90.570000,92.349998,90.320000,91.370003,91.179581,6658400
2023-03-27,92.279999,93.639999,92.110001,93.309998,93.115524,6005200
2023-03-28,93.339996,93.739998,92.559998,93.139999,92.945877,4008900
2023-03-29,93.970001,94.419998,93.669998,94.059998,93.863953,4918000
2023-03-30,93.949997,94.309998,93.559998,94.050003,93.853981,5285800
2023-03-31,94.529999,95.669998,94.309998,95.599998,95.400749,7380200
2023-04-03,95.750000,96.940002,95.360001,96.919998,96.718002,4947700
2023-04-04,96.959999,97.870003,94.669998,95.050003,94.851906,6827600
2023-04-05,94.980003,95.320000,93.660004,94.250000,94.053566,8493400
2023-04-06,94.120003,94.389999,93.540001,93.599998,93.404915,6404900
2023-04-10,93.830002,94.989998,93.610001,94.360001,94.163338,5985500
2023-04-11,94.510002,94.959999,93.879997,93.910004,93.714279,5317700
2023-04-12,94.260002,94.669998,93.809998,94.099998,93.903877,6997700
2023-04-13,94.379997,94.690002,93.470001,94.300003,94.103462,8814600
2023-04-14,93.860001,95.639999,93.809998,95.440002,95.241089,5755600
2023-04-17,95.620003,96.849998,95.480003,96.769997,96.568314,6126100
2023-04-18,97.000000,98.519997,96.860001,98.470001,98.264771,7110800
2023-04-19,98.580002,99.309998,98.419998,99.029999,98.823608,5617000
2023-04-20,99.300003,100.470001,99.059998,99.760002,99.552086,6912400
2023-04-21,99.980003,100.080002,99.129997,99.510002,99.302597,4080400
2023-04-24,99.580002,100.769997,99.580002,100.150002,99.941269,6251800
2023-04-25,101.949997,102.010002,97.550003,98.440002,98.234833,9297500
2023-04-26,98.230003,98.449997,96.089996,96.209999,96.009476,6410500
2023-04-27,97.019997,98.190002,96.599998,98.059998,97.855629,7461000
2023-04-28,97.129997,99.720001,96.879997,98.970001,98.763733,5010800
2023-05-01,99.489998,102.000000,99.370003,101.180000,100.969124,5912400
2023-05-02,100.610001,102.029999,100.190002,101.510002,101.298439,5973700
2023-05-03,101.879997,102.949997,101.309998,101.769997,101.557892,4722700
2023-05-04,101.489998,101.750000,97.410004,99.320000,99.112999,7227000
2023-05-05,100.580002,101.760002,99.750000,100.239998,100.031082,5029000
2023-05-08,100.220001,101.110001,100.220001,100.919998,100.709671,3417500
2023-05-09,100.769997,101.900002,100.769997,101.000000,100.789497,5204100
2023-05-10,101.480003,101.669998,98.459999,99.540001,99.332542,4032900
2023-05-11,99.400002,99.980003,98.820000,99.510002,99.302597,4084300
2023-05-12,99.580002,100.000000,97.709999,98.800003,98.594086,3457700
2023-05-15,99.139999,102.309998,99.019997,102.000000,101.787415,6363700
2023-05-16,101.230003,102.230003,100.889999,101.129997,100.919228,4408500
2023-05-17,101.870003,103.580002,101.550003,103.470001,103.254349,5484200
2023-05-18,102.889999,104.279999,101.730003,104.010002,103.793228,4606800
2023-05-19,104.519997,105.779999,103.839996,104.260002,104.042709,5770200
2023-05-22,104.099998,105.940002,104.099998,104.550003,104.332100,3987300
2023-05-23,103.860001,104.139999,101.279999,101.699997,101.488029,4579600
2023-05-24,101.279999,101.470001,99.910004,100.980003,100.769547,5008300
2023-05-25,101.400002,102.089996,100.540001,101.519997,101.308411,5377100
2023-05-26,101.589996,103.949997,101.559998,102.739998,102.525871,5424200
2023-05-30,103.019997,103.070000,100.660004,102.400002,102.186584,5665100
2023-05-31,101.320000,101.839996,99.709999,101.529999,101.318390,10661400
2023-06-01,101.209999,105.169998,101.070000,104.669998,104.451843,6222700
2023-06-02,105.500000,106.709999,104.540001,105.800003,105.579498,5967500
2023-06-05,105.800003,105.800003,104.099998,104.099998,103.883034,4077200
2023-06-06,104.330002,106.110001,104.099998,105.459999,105.240204,6220300
2023-06-07,106.639999,107.330002,105.639999,106.080002,105.858910,7279400
2023-06-08,105.839996,107.220001,105.629997,106.070000,105.848930,3573500
2023-06-09,106.290001,106.550003,105.080002,106.300003,106.078453,3483700
2023-06-12,106.309998,106.889999,105.650002,106.230003,106.008598,3733000
2023-06-13,106.029999,107.150002,105.809998,106.739998,106.517532,4318900
2023-06-14,106.720001,106.800003,103.959999,104.699997,104.481781,5131100
2023-06-15,104.440002,105.639999,103.989998,105.410004,105.190308,6969800
2023-06-16,105.949997,108.900002,105.940002,106.290001,106.068474,10958600
2023-06-20,106.080002,106.209999,103.410004,104.019997,103.803200,6439300
2023-06-21,103.639999,105.690002,103.580002,105.050003,104.831055,4775400
2023-06-22,104.660004,105.790001,104.639999,104.820000,104.601540,4223500
2023-06-23,103.089996,104.370003,102.639999,103.779999,103.563698,6011900
2023-06-26,103.529999,105.110001,103.360001,104.449997,104.232300,4250900
2023-06-27,104.629997,105.209999,104.360001,104.919998,104.701324,4767300
2023-06-28,105.290001,107.370003,104.970001,107.050003,106.826897,4795700
2023-06-29,106.220001,107.830002,106.040001,107.739998,107.515450,3248800
2023-06-30,108.989998,110.260002,108.599998,109.849998,109.621048,7381500
2023-07-03,109.059998,109.330002,107.309998,108.279999,108.054329,2972000
2023-07-05,108.220001,108.989998,107.760002,108.650002,108.423553,3661800
2023-07-06,108.010002,108.750000,106.860001,107.370003,107.146225,3666700
2023-07-07,107.139999,108.870003,106.940002,108.269997,108.044342,3863800
2023-07-10,108.410004,110.730003,108.370003,110.529999,110.381203,4633200
2023-07-11,110.730003,111.529999,110.230003,111.220001,111.070274,3790000
2023-07-12,111.290001,111.970001,110.889999,111.199997,111.050301,4312800
2023-07-13,111.250000,111.820000,110.820000,111.279999,111.130188,2775000
2023-07-14,111.000000,111.220001,110.029999,110.279999,110.131531,2717600
2023-07-17,110.419998,112.150002,110.150002,111.139999,110.990372,3637200
2023-07-18,110.900002,111.830002,110.519997,111.059998,110.910484,3573900
2023-07-19,110.330002,110.809998,108.830002,109.889999,109.742058,4473200
2023-07-20,110.040001,111.839996,109.959999,111.239998,111.090240,4117200
2023-07-21,111.440002,111.879997,109.820000,110.330002,110.181473,8198600
2023-07-24,110.400002,110.980003,110.059998,110.250000,110.101578,5337000
2023-07-25,114.500000,117.959999,113.629997,117.160004,117.002281,17022400
2023-07-26,117.139999,117.389999,113.449997,114.720001,114.565559,7541700
2023-07-27,115.559998,117.260002,114.930000,115.419998,115.264618,6187000
2023-07-28,115.529999,115.849998,114.019997,114.389999,114.236000,4469900
2023-07-31,114.440002,114.750000,113.720001,114.239998,114.086205,4125500
2023-08-01,113.690002,114.199997,112.269997,113.220001,113.067574,5263400
2023-08-02,112.970001,113.500000,111.930000,111.970001,111.819260,4291600
2023-08-03,111.830002,113.169998,111.550003,112.360001,112.208733,3469600
2023-08-04,112.820000,113.870003,111.800003,113.059998,112.907791,4882100
2023-08-07,113.540001,114.980003,113.540001,114.730003,114.575546,3304800
2023-08-08,114.389999,114.830002,113.120003,113.550003,113.397133,3779300
2023-08-09,113.900002,113.930000,111.980003,112.169998,112.018990,3112700
2023-08-10,112.449997,115.040001,112.449997,113.570000,113.417107,4671600
2023-08-11,113.540001,115.389999,113.449997,114.599998,114.445717,3560400
2023-08-14,114.500000,115.849998,114.199997,115.550003,115.394447,3923400
2023-08-15,114.650002,114.660004,113.470001,113.849998,113.696732,3413100
2023-08-16,113.730003,115.339996,113.470001,113.570000,113.417107,3683100
2023-08-17,113.980003,114.389999,110.940002,110.959999,110.810616,4577000
2023-08-18,110.300003,111.930000,110.019997,111.790001,111.639503,4508400
2023-08-21,112.040001,112.480003,111.019997,112.019997,111.869186,2941800
2023-08-22,112.150002,113.050003,110.839996,111.660004,111.509682,2640400
2023-08-23,111.500000,113.760002,111.500000,113.470001,113.317245,2847600
2023-08-24,113.199997,113.959999,111.019997,111.040001,110.890518,3361500
2023-08-25,111.449997,112.370003,110.220001,111.970001,111.819260,3115400
2023-08-28,112.550003,114.279999,112.150002,113.959999,113.806580,2812700
2023-08-29,113.669998,115.669998,112.919998,115.330002,115.174736,4655300
2023-08-30,114.849998,115.580002,113.949997,114.309998,114.156105,4857600
2023-08-31,114.580002,114.940002,113.809998,114.459999,114.305908,4164900
2023-09-01,115.019997,115.459999,113.529999,114.239998,114.086205,3539300
2023-09-05,113.690002,114.190002,112.309998,112.879997,112.728027,3516800
2023-09-06,112.849998,114.070000,111.930000,112.680000,112.528305,4004800
2023-09-07,112.220001,113.150002,111.410004,111.790001,111.639503,3303300
2023-09-08,111.500000,112.029999,111.220001,111.720001,111.569603,2530700
2023-09-11,112.250000,114.300003,112.120003,114.260002,114.106178,4207900
2023-09-12,114.250000,116.820000,114.000000,115.000000,114.845177,4210100
2023-09-13,114.690002,115.360001,112.639999,113.599998,113.447060,2800200
2023-09-14,114.370003,117.209999,114.320000,115.650002,115.494308,5297500
2023-09-15,115.419998,115.910004,114.199997,115.489998,115.334518,6731300
2023-09-18,115.779999,117.430000,114.919998,116.570000,116.413063,3751700
2023-09-19,116.019997,116.680000,115.220001,116.209999,116.053551,3098200
2023-09-20,116.529999,117.669998,114.820000,114.849998,114.695374,4098100
2023-09-21,113.949997,114.339996,112.059998,112.989998,112.837883,4597200
2023-09-22,112.900002,113.199997,111.070000,111.250000,111.100227,4987600
2023-09-25,110.720001,111.959999,110.629997,111.720001,111.649887,3783800
2023-09-26,111.000000,111.940002,109.750000,109.930000,109.861008,4806100
2023-09-27,110.629997,111.610001,110.150002,110.889999,110.820404,4718800
2023-09-28,111.059998,112.989998,110.830002,112.339996,112.269493,4404100
2023-09-29,112.629997,112.750000,109.910004,110.550003,110.480621,3929100
2023-10-02,110.449997,111.199997,108.099998,108.790001,108.721725,4301100
2023-10-03,108.309998,109.989998,107.040001,107.760002,107.692375,6883400
2023-10-04,107.970001,109.209999,107.360001,108.849998,108.781685,3891900
2023-10-05,108.370003,109.150002,107.180000,108.720001,108.651772,3846400
2023-10-06,108.349998,111.900002,107.949997,111.470001,111.400047,4217100
2023-10-09,111.010002,111.139999,109.540001,110.260002,110.190804,4324400
2023-10-10,111.209999,112.989998,110.849998,111.480003,111.410042,4554700
2023-10-11,112.000000,113.400002,111.809998,113.260002,113.188919,2857600
2023-10-12,113.500000,113.739998,110.760002,111.330002,111.260132,3082000
2023-10-13,111.300003,111.470001,108.660004,109.379997,109.311356,3653900
2023-10-16,109.889999,110.919998,107.989998,109.139999,109.071503,4482600
2023-10-17,108.750000,110.690002,108.059998,110.019997,109.950951,3923900
2023-10-18,109.019997,109.580002,107.410004,107.570000,107.502495,4852700
2023-10-19,107.669998,109.099998,106.669998,106.949997,106.882881,4018400
2023-10-20,106.699997,107.239998,105.529999,106.080002,106.013428,7751600
2023-10-23,106.480003,108.300003,106.199997,106.690002,106.623047,5826200
2023-10-24,111.050003,114.889999,108.320000,113.620003,113.548698,12692800
2023-10-25,114.330002,114.330002,111.089996,111.199997,111.130211,6563600
2023-10-26,111.769997,112.320000,106.970001,108.800003,108.731720,7771900
2023-10-27,109.239998,109.839996,105.730003,106.349998,106.283257,5329000
2023-10-30,107.519997,110.480003,107.419998,109.809998,109.741081,4478400
2023-10-31,109.510002,109.750000,108.089996,108.629997,108.561821,5067400
2023-11-01,108.300003,108.330002,105.830002,107.250000,107.182693,10138700
2023-11-02,108.879997,109.230003,107.360001,107.779999,107.712357,7500500
2023-11-03,108.550003,109.449997,108.089996,108.919998,108.851639,5540000
2023-11-06,109.290001,111.879997,108.540001,111.779999,111.709846,4893700
2023-11-07,111.360001,112.930000,110.860001,111.800003,111.729843,4179900
2023-11-08,112.199997,114.050003,111.989998,113.849998,113.778549,4840400
2023-11-09,114.349998,114.769997,112.930000,113.089996,113.019020,4618200
2023-11-10,113.730003,115.559998,113.190002,115.269997,115.197655,3497700
2023-11-13,115.139999,116.559998,114.709999,115.519997,115.447502,4592000
2023-11-14,116.500000,117.559998,115.570000,117.250000,117.176414,4794600
2023-11-15,116.959999,117.500000,115.720001,116.300003,116.227013,4186200
2023-11-16,116.589996,118.959999,116.309998,118.940002,118.865356,4648900
2023-11-17,119.330002,120.080002,118.940002,119.930000,119.854736,4139200
2023-11-20,119.930000,120.739998,119.639999,120.070000,119.994644,4142600
2023-11-21,119.800003,120.250000,119.040001,119.889999,119.814758,2798100
2023-11-22,119.900002,120.489998,119.360001,119.599998,119.524940,3011800
2023-11-24,119.980003,120.349998,119.680000,119.970001,119.894714,1581800
2023-11-27,119.699997,120.320000,119.320000,119.970001,119.894714,3179900
2023-11-28,119.970001,120.110001,118.559998,118.849998,118.775414,3494100
2023-11-29,119.519997,119.699997,118.449997,118.860001,118.785408,3027000
2023-11-30,119.050003,121.839996,118.900002,121.800003,121.723564,8120200
2023-12-01,121.699997,123.250000,121.470001,122.500000,122.423119,4523300
2023-12-04,121.809998,122.410004,121.160004,121.529999,121.453728,3788600
2023-12-05,121.010002,121.180000,119.989998,120.230003,120.154549,2943500
2023-12-06,121.080002,122.580002,119.699997,119.809998,119.734810,3163800
2023-12-07,119.500000,120.019997,118.169998,119.480003,119.405022,4042000
2023-12-08,119.099998,120.820000,118.980003,120.589996,120.514320,3930900
2023-12-11,120.589996,120.910004,119.639999,120.279999,120.204514,3706200
2023-12-12,120.989998,122.480003,120.610001,122.320000,122.243233,3722700
2023-12-13,122.129997,122.360001,120.519997,121.180000,121.103951,4394500
2023-12-14,121.129997,122.400002,119.900002,121.349998,121.273842,8343300
2023-12-15,122.410004,123.669998,121.830002,123.230003,123.152664,10842000
2023-12-18,123.669998,123.839996,123.099998,123.639999,123.562408,4155000
2023-12-19,123.699997,125.980003,123.699997,125.940002,125.860962,4754300
2023-12-20,125.430000,126.220001,123.220001,123.370003,123.292580,4973600
2023-12-21,124.230003,127.050003,124.190002,126.970001,126.890320,4138200
2023-12-22,127.389999,128.029999,126.180000,126.690002,126.610497,3216200
2023-12-26,126.800003,127.709999,126.639999,127.470001,127.390007,1979300
2023-12-27,126.900002,128.410004,126.849998,128.199997,128.199997,2645100
2023-12-28,128.000000,129.199997,127.809998,128.320007,128.320007,3164800
2023-12-29,128.240005,128.479996,126.959999,127.629997,127.629997,3543100
2024-01-02,127.010002,128.149994,125.239998,125.949997,125.949997,4141600
2024-01-03,125.120003,125.220001,123.650002,124.059998,124.059998,3616800
2024-01-04,124.300003,125.769997,124.169998,124.660004,124.660004,3483000
2024-01-05,124.900002,126.339996,124.730003,126.290001,126.290001,3342600
2024-01-08,126.220001,128.429993,124.209999,128.279999,128.279999,5522800
2024-01-09,127.269997,128.779999,126.949997,128.779999,128.779999,3842800
2024-01-10,128.699997,130.169998,128.509995,129.699997,129.699997,3648300
2024-01-11,130.119995,130.199997,127.809998,129.830002,129.830002,4001600
2024-01-12,130.600006,130.800003,129.179993,129.789993,129.789993,4501500
2024-01-16,129.199997,129.850006,127.239998,127.970001,127.970001,5039600
2024-01-17,127.419998,128.679993,126.190002,126.879997,126.879997,4015300
2024-01-18,127.199997,128.669998,126.769997,128.550003,128.550003,5194000
2024-01-19,128.699997,130.050003,127.440002,129.809998,129.809998,4911500
2024-01-22,130.279999,132.270004,130.259995,131.229996,131.229996,8022700
2024-01-23,127.629997,131.880005,126.500000,129.949997,129.949997,10641500
2024-01-24,130.270004,130.389999,126.449997,129.929993,129.929993,8607500
2024-01-25,130.639999,132.500000,129.690002,129.929993,129.929993,4857600
2024-01-26,130.529999,132.240005,130.389999,131.190002,131.190002,3748200
2024-01-29,131.399994,132.139999,129.690002,131.100006,131.100006,4889500
2024-01-30,131.479996,134.279999,131.220001,133.929993,133.929993,6282000
2024-01-31,133.770004,134.470001,132.119995,132.419998,132.419998,4990800
2024-02-01,133.029999,135.460007,132.470001,135.410004,135.410004,4940600
2024-02-02,135.429993,137.410004,135.039993,136.539993,136.539993,4871400
2024-02-05,135.979996,138.639999,135.750000,137.710007,137.710007,5712700
2024-02-06,137.679993,138.389999,136.580002,137.580002,137.580002,4809400
2024-02-07,138.619995,138.830002,137.929993,138.500000,138.500000,4635000
2024-02-08,138.649994,139.479996,138.250000,139.050003,139.050003,3453400
2024-02-09,139.009995,139.429993,138.210007,139.279999,139.279999,3451400
2024-02-12,139.539993,140.820007,138.899994,140.169998,140.169998,3604400
2024-02-13,139.830002,141.789993,138.690002,141.770004,141.770004,7226600
2024-02-14,143.000000,146.899994,142.350006,146.500000,146.500000,10467700
2024-02-15,147.000000,148.889999,146.789993,148.369995,148.369995,6885500
2024-02-16,148.949997,150.360001,148.509995,149.160004,149.160004,6874700
2024-02-20,149.020004,150.339996,147.820007,148.619995,148.619995,5719100
2024-02-21,148.470001,149.389999,147.660004,149.070007,149.070007,4233700
2024-02-22,149.850006,152.250000,149.850006,151.669998,151.669998,4591400
2024-02-23,152.000000,153.800003,151.910004,153.330002,153.330002,5639400
2024-02-26,153.660004,155.179993,153.559998,154.770004,154.770004,6149600
2024-02-27,154.990005,155.009995,153.100006,153.990005,153.990005,5826300
2024-02-28,154.160004,156.910004,153.820007,155.610001,155.610001,6091800
2024-02-29,155.990005,157.179993,155.100006,156.889999,156.889999,6526200
2024-03-01,157.000000,159.320007,156.869995,158.649994,158.649994,6937200
2024-03-04,159.369995,161.770004,158.580002,161.009995,161.009995,6705700
2024-03-05,161.520004,162.149994,156.580002,157.860001,157.860001,6387600
2024-03-06,159.100006,160.979996,158.470001,159.500000,159.500000,6543300
2024-03-07,162.039993,166.729996,161.570007,166.500000,166.500000,11487500
2024-03-08,169.509995,175.809998,167.350006,167.960007,167.960007,16940300
2024-03-11,167.089996,168.419998,162.979996,166.559998,166.559998,7453000
2024-03-12,167.449997,167.800003,163.929993,167.460007,167.460007,5529600
2024-03-13,165.509995,171.050003,165.509995,170.160004,170.160004,6754100
2024-03-14,170.250000,170.750000,165.630005,166.750000,166.750000,7550500
2024-03-15,165.649994,170.500000,164.889999,168.889999,168.889999,10584700
2024-03-18,168.960007,170.750000,168.580002,169.910004,169.910004,4971100
2024-03-19,169.809998,173.929993,169.000000,173.460007,173.460007,7470700
2024-03-20,172.610001,174.779999,172.009995,173.929993,173.929993,5769700
2024-03-21,174.619995,177.050003,173.089996,176.639999,176.639999,6297600
2024-03-22,176.300003,177.500000,175.080002,175.149994,175.149994,5459000